6.968385
6.892675
6.833669
6.959575
6.861800
6.787657
6.917689
6.808935
6.724776
6.993960
6.891683
6.808935
6.725022
6.876810
6.746353
6.650588
6.814584
6.706688
6.604972
6.501880
6.654187
6.538033
6.420492
6.586533
6.478844
6.344887
6.535935
6.411130
6.267104
6.129915
6.205704
6.150006
5.966567
5.860149
5.803188
5.654878
6.154685
5.989230
5.799646
5.617371
5.797415
5.566765
5.365520
5.601367
5.355630
5.128904
4.907982
5.077850
4.783650
4.542099
4.868389
4.559026
4.191256
4.297443
3.906119
3.495253
3.089239
2.945438
2.473057
2.001099
1.604963
1.074361
0.528516
